{
 "cells": [
  {
   "cell_type": "code",
   "execution_count": 129,
   "metadata": {
    "collapsed": true
   },
   "outputs": [],
   "source": [
    "import numpy as np\n",
    "import numpy.linalg as la\n",
    "import scipy.linalg as spla\n",
    "import matplotlib.pyplot as pt\n",
    "import numpy.polynomial.chebyshev as cheby\n",
    "% matplotlib inline"
   ]
  },
  {
   "cell_type": "markdown",
   "metadata": {},
   "source": [
    "I will try to get a solution to the equation:\n",
    "\n",
    "$ \\ddot{u}(x) = 1; \\\\\n",
    "\\text with \\space Boundary \\space Conditions: \\space u(-1) = 0, \\space u(1) = 0 $\n",
    "\n",
    "Its true solution is given by:\n",
    "$u(x) = \\frac{1}{2}x^2 - \\frac{1}{2}$\n",
    "\n",
    "Using Chebyshev Spectral Differentiation matrices."
   ]
  },
  {
   "cell_type": "code",
   "execution_count": 138,
   "metadata": {
    "collapsed": true
   },
   "outputs": [],
   "source": [
    "n= 20"
   ]
  },
  {
   "cell_type": "code",
   "execution_count": 139,
   "metadata": {
    "collapsed": true
   },
   "outputs": [],
   "source": [
    "def GCLmesh(n):\n",
    "    mesh = np.zeros(n+1)\n",
    "    for j in range(0,n+1):\n",
    "        xj = np.cos(j*np.pi/n)\n",
    "        mesh[j] = xj\n",
    "    return mesh"
   ]
  },
  {
   "cell_type": "code",
   "execution_count": 140,
   "metadata": {
    "collapsed": true
   },
   "outputs": [],
   "source": [
    "def chebyDiffMatrix(n, mesh):\n",
    "\td_mat = np.zeros((n+1,n+1))\n",
    "\tfor i in range(0,n+1):\n",
    "\t\tfor j in range(0,n+1):\n",
    "\t\t\tif(i==0 and j==0):\n",
    "\t\t\t\tentry = (2*(n**2) + 1)/6.0\n",
    "\t\t\telif(i==n and j==n):\n",
    "\t\t\t\tentry = - (2*(n**2) + 1)/6.0\n",
    "\t\t\telif (i==j):\n",
    "\t\t\t\tentry = -mesh[j]/(2.0*( 1-(mesh[j]**2) ) )\n",
    "\t\t\telse:\n",
    "\t\t\t\tci = 2.0 if (i==0 or i==n) else 1.0\n",
    "\t\t\t\tcj = 2.0 if (j==0 or j==n) else 1.0\n",
    "\t\t\t\tentry = (ci/cj) * ( ((-1)**(i+j)) / (mesh[i] - mesh[j]) )\n",
    "\t\t\td_mat[i,j] = entry\n",
    "\treturn d_mat"
   ]
  },
  {
   "cell_type": "code",
   "execution_count": 141,
   "metadata": {
    "collapsed": false
   },
   "outputs": [
    {
     "name": "stdout",
     "output_type": "stream",
     "text": [
      "[  1.00000000e+00   9.87688341e-01   9.51056516e-01   8.91006524e-01\n",
      "   8.09016994e-01   7.07106781e-01   5.87785252e-01   4.53990500e-01\n",
      "   3.09016994e-01   1.56434465e-01   6.12323400e-17  -1.56434465e-01\n",
      "  -3.09016994e-01  -4.53990500e-01  -5.87785252e-01  -7.07106781e-01\n",
      "  -8.09016994e-01  -8.91006524e-01  -9.51056516e-01  -9.87688341e-01\n",
      "  -1.00000000e+00]\n"
     ]
    }
   ],
   "source": [
    "mesh = GCLmesh(n)\n",
    "print(mesh)"
   ]
  },
  {
   "cell_type": "code",
   "execution_count": 142,
   "metadata": {
    "collapsed": false
   },
   "outputs": [
    {
     "name": "stdout",
     "output_type": "stream",
     "text": [
      "[[  1.33500000e+02  -1.62450000e+02   4.08600000e+01  -1.83500000e+01\n",
      "    1.04700000e+01  -6.83000000e+00   4.85000000e+00  -3.66000000e+00\n",
      "    2.89000000e+00  -2.37000000e+00   2.00000000e+00  -1.73000000e+00\n",
      "    1.53000000e+00  -1.38000000e+00   1.26000000e+00  -1.17000000e+00\n",
      "    1.11000000e+00  -1.06000000e+00   1.03000000e+00  -1.01000000e+00\n",
      "    5.00000000e-01]\n",
      " [  4.06100000e+01  -2.01800000e+01  -2.73000000e+01   1.03400000e+01\n",
      "   -5.60000000e+00   3.56000000e+00  -2.50000000e+00   1.87000000e+00\n",
      "   -1.47000000e+00   1.20000000e+00  -1.01000000e+00   8.70000000e-01\n",
      "   -7.70000000e-01   6.90000000e-01  -6.30000000e-01   5.90000000e-01\n",
      "   -5.60000000e-01   5.30000000e-01  -5.20000000e-01   5.10000000e-01\n",
      "   -2.50000000e-01]\n",
      " [ -1.02200000e+01   2.73000000e+01  -4.98000000e+00  -1.66500000e+01\n",
      "    7.04000000e+00  -4.10000000e+00   2.75000000e+00  -2.01000000e+00\n",
      "    1.56000000e+00  -1.26000000e+00   1.05000000e+00  -9.00000000e-01\n",
      "    7.90000000e-01  -7.10000000e-01   6.50000000e-01  -6.00000000e-01\n",
      "    5.70000000e-01  -5.40000000e-01   5.30000000e-01  -5.20000000e-01\n",
      "    2.60000000e-01]\n",
      " [  4.59000000e+00  -1.03400000e+01   1.66500000e+01  -2.16000000e+00\n",
      "   -1.22000000e+01   5.44000000e+00  -3.30000000e+00   2.29000000e+00\n",
      "   -1.72000000e+00   1.36000000e+00  -1.12000000e+00   9.50000000e-01\n",
      "   -8.30000000e-01   7.40000000e-01  -6.80000000e-01   6.30000000e-01\n",
      "   -5.90000000e-01   5.60000000e-01  -5.40000000e-01   5.30000000e-01\n",
      "   -2.60000000e-01]\n",
      " [ -2.62000000e+00   5.60000000e+00  -7.04000000e+00   1.22000000e+01\n",
      "   -1.17000000e+00  -9.81000000e+00   4.52000000e+00  -2.82000000e+00\n",
      "    2.00000000e+00  -1.53000000e+00   1.24000000e+00  -1.04000000e+00\n",
      "    8.90000000e-01  -7.90000000e-01   7.20000000e-01  -6.60000000e-01\n",
      "    6.20000000e-01  -5.90000000e-01   5.70000000e-01  -5.60000000e-01\n",
      "    2.80000000e-01]\n",
      " [  1.71000000e+00  -3.56000000e+00   4.10000000e+00  -5.44000000e+00\n",
      "    9.81000000e+00  -7.10000000e-01  -8.38000000e+00   3.95000000e+00\n",
      "   -2.51000000e+00   1.82000000e+00  -1.41000000e+00   1.16000000e+00\n",
      "   -9.80000000e-01   8.60000000e-01  -7.70000000e-01   7.10000000e-01\n",
      "   -6.60000000e-01   6.30000000e-01  -6.00000000e-01   5.90000000e-01\n",
      "   -2.90000000e-01]\n",
      " [ -1.21000000e+00   2.50000000e+00  -2.75000000e+00   3.30000000e+00\n",
      "   -4.52000000e+00   8.38000000e+00  -4.50000000e-01  -7.47000000e+00\n",
      "    3.59000000e+00  -2.32000000e+00   1.70000000e+00  -1.34000000e+00\n",
      "    1.12000000e+00  -9.60000000e-01   8.50000000e-01  -7.70000000e-01\n",
      "    7.20000000e-01  -6.80000000e-01   6.50000000e-01  -6.30000000e-01\n",
      "    3.10000000e-01]\n",
      " [  9.20000000e-01  -1.87000000e+00   2.01000000e+00  -2.29000000e+00\n",
      "    2.82000000e+00  -3.95000000e+00   7.47000000e+00  -2.90000000e-01\n",
      "   -6.90000000e+00   3.36000000e+00  -2.20000000e+00   1.64000000e+00\n",
      "   -1.31000000e+00   1.10000000e+00  -9.60000000e-01   8.60000000e-01\n",
      "   -7.90000000e-01   7.40000000e-01  -7.10000000e-01   6.90000000e-01\n",
      "   -3.40000000e-01]\n",
      " [ -7.20000000e-01   1.47000000e+00  -1.56000000e+00   1.72000000e+00\n",
      "   -2.00000000e+00   2.51000000e+00  -3.59000000e+00   6.90000000e+00\n",
      "   -1.70000000e-01  -6.55000000e+00   3.24000000e+00  -2.15000000e+00\n",
      "    1.62000000e+00  -1.31000000e+00   1.12000000e+00  -9.80000000e-01\n",
      "    8.90000000e-01  -8.30000000e-01   7.90000000e-01  -7.70000000e-01\n",
      "    3.80000000e-01]\n",
      " [  5.90000000e-01  -1.20000000e+00   1.26000000e+00  -1.36000000e+00\n",
      "    1.53000000e+00  -1.82000000e+00   2.32000000e+00  -3.36000000e+00\n",
      "    6.55000000e+00  -8.00000000e-02  -6.39000000e+00   3.20000000e+00\n",
      "   -2.15000000e+00   1.64000000e+00  -1.34000000e+00   1.16000000e+00\n",
      "   -1.04000000e+00   9.50000000e-01  -9.00000000e-01   8.70000000e-01\n",
      "   -4.30000000e-01]\n",
      " [ -5.00000000e-01   1.01000000e+00  -1.05000000e+00   1.12000000e+00\n",
      "   -1.24000000e+00   1.41000000e+00  -1.70000000e+00   2.20000000e+00\n",
      "   -3.24000000e+00   6.39000000e+00  -0.00000000e+00  -6.39000000e+00\n",
      "    3.24000000e+00  -2.20000000e+00   1.70000000e+00  -1.41000000e+00\n",
      "    1.24000000e+00  -1.12000000e+00   1.05000000e+00  -1.01000000e+00\n",
      "    5.00000000e-01]\n",
      " [  4.30000000e-01  -8.70000000e-01   9.00000000e-01  -9.50000000e-01\n",
      "    1.04000000e+00  -1.16000000e+00   1.34000000e+00  -1.64000000e+00\n",
      "    2.15000000e+00  -3.20000000e+00   6.39000000e+00   8.00000000e-02\n",
      "   -6.55000000e+00   3.36000000e+00  -2.32000000e+00   1.82000000e+00\n",
      "   -1.53000000e+00   1.36000000e+00  -1.26000000e+00   1.20000000e+00\n",
      "   -5.90000000e-01]\n",
      " [ -3.80000000e-01   7.70000000e-01  -7.90000000e-01   8.30000000e-01\n",
      "   -8.90000000e-01   9.80000000e-01  -1.12000000e+00   1.31000000e+00\n",
      "   -1.62000000e+00   2.15000000e+00  -3.24000000e+00   6.55000000e+00\n",
      "    1.70000000e-01  -6.90000000e+00   3.59000000e+00  -2.51000000e+00\n",
      "    2.00000000e+00  -1.72000000e+00   1.56000000e+00  -1.47000000e+00\n",
      "    7.20000000e-01]\n",
      " [  3.40000000e-01  -6.90000000e-01   7.10000000e-01  -7.40000000e-01\n",
      "    7.90000000e-01  -8.60000000e-01   9.60000000e-01  -1.10000000e+00\n",
      "    1.31000000e+00  -1.64000000e+00   2.20000000e+00  -3.36000000e+00\n",
      "    6.90000000e+00   2.90000000e-01  -7.47000000e+00   3.95000000e+00\n",
      "   -2.82000000e+00   2.29000000e+00  -2.01000000e+00   1.87000000e+00\n",
      "   -9.20000000e-01]\n",
      " [ -3.10000000e-01   6.30000000e-01  -6.50000000e-01   6.80000000e-01\n",
      "   -7.20000000e-01   7.70000000e-01  -8.50000000e-01   9.60000000e-01\n",
      "   -1.12000000e+00   1.34000000e+00  -1.70000000e+00   2.32000000e+00\n",
      "   -3.59000000e+00   7.47000000e+00   4.50000000e-01  -8.38000000e+00\n",
      "    4.52000000e+00  -3.30000000e+00   2.75000000e+00  -2.50000000e+00\n",
      "    1.21000000e+00]\n",
      " [  2.90000000e-01  -5.90000000e-01   6.00000000e-01  -6.30000000e-01\n",
      "    6.60000000e-01  -7.10000000e-01   7.70000000e-01  -8.60000000e-01\n",
      "    9.80000000e-01  -1.16000000e+00   1.41000000e+00  -1.82000000e+00\n",
      "    2.51000000e+00  -3.95000000e+00   8.38000000e+00   7.10000000e-01\n",
      "   -9.81000000e+00   5.44000000e+00  -4.10000000e+00   3.56000000e+00\n",
      "   -1.71000000e+00]\n",
      " [ -2.80000000e-01   5.60000000e-01  -5.70000000e-01   5.90000000e-01\n",
      "   -6.20000000e-01   6.60000000e-01  -7.20000000e-01   7.90000000e-01\n",
      "   -8.90000000e-01   1.04000000e+00  -1.24000000e+00   1.53000000e+00\n",
      "   -2.00000000e+00   2.82000000e+00  -4.52000000e+00   9.81000000e+00\n",
      "    1.17000000e+00  -1.22000000e+01   7.04000000e+00  -5.60000000e+00\n",
      "    2.62000000e+00]\n",
      " [  2.60000000e-01  -5.30000000e-01   5.40000000e-01  -5.60000000e-01\n",
      "    5.90000000e-01  -6.30000000e-01   6.80000000e-01  -7.40000000e-01\n",
      "    8.30000000e-01  -9.50000000e-01   1.12000000e+00  -1.36000000e+00\n",
      "    1.72000000e+00  -2.29000000e+00   3.30000000e+00  -5.44000000e+00\n",
      "    1.22000000e+01   2.16000000e+00  -1.66500000e+01   1.03400000e+01\n",
      "   -4.59000000e+00]\n",
      " [ -2.60000000e-01   5.20000000e-01  -5.30000000e-01   5.40000000e-01\n",
      "   -5.70000000e-01   6.00000000e-01  -6.50000000e-01   7.10000000e-01\n",
      "   -7.90000000e-01   9.00000000e-01  -1.05000000e+00   1.26000000e+00\n",
      "   -1.56000000e+00   2.01000000e+00  -2.75000000e+00   4.10000000e+00\n",
      "   -7.04000000e+00   1.66500000e+01   4.98000000e+00  -2.73000000e+01\n",
      "    1.02200000e+01]\n",
      " [  2.50000000e-01  -5.10000000e-01   5.20000000e-01  -5.30000000e-01\n",
      "    5.60000000e-01  -5.90000000e-01   6.30000000e-01  -6.90000000e-01\n",
      "    7.70000000e-01  -8.70000000e-01   1.01000000e+00  -1.20000000e+00\n",
      "    1.47000000e+00  -1.87000000e+00   2.50000000e+00  -3.56000000e+00\n",
      "    5.60000000e+00  -1.03400000e+01   2.73000000e+01   2.01800000e+01\n",
      "   -4.06100000e+01]\n",
      " [ -5.00000000e-01   1.01000000e+00  -1.03000000e+00   1.06000000e+00\n",
      "   -1.11000000e+00   1.17000000e+00  -1.26000000e+00   1.38000000e+00\n",
      "   -1.53000000e+00   1.73000000e+00  -2.00000000e+00   2.37000000e+00\n",
      "   -2.89000000e+00   3.66000000e+00  -4.85000000e+00   6.83000000e+00\n",
      "   -1.04700000e+01   1.83500000e+01  -4.08600000e+01   1.62450000e+02\n",
      "   -1.33500000e+02]]\n"
     ]
    }
   ],
   "source": [
    "D = chebyDiffMatrix(n, mesh)\n",
    "print(D.round(2))"
   ]
  },
  {
   "cell_type": "code",
   "execution_count": 143,
   "metadata": {
    "collapsed": false
   },
   "outputs": [],
   "source": [
    "K = D.dot(D)\n",
    "if n < 10: print(K.round(2))"
   ]
  },
  {
   "cell_type": "code",
   "execution_count": 145,
   "metadata": {
    "collapsed": false
   },
   "outputs": [],
   "source": [
    "# 1 Modification of matrix for imposing BCs\n",
    "K[0,:] = 0\n",
    "K[-1,:] = 0\n",
    "K[0,0] = 1\n",
    "K[-1,-1] = 1\n",
    "#print(K)\n",
    "rhs = np.ones(n+1)\n",
    "rhs[0] = 0\n",
    "rhs[-1] = 0"
   ]
  },
  {
   "cell_type": "code",
   "execution_count": 131,
   "metadata": {
    "collapsed": false
   },
   "outputs": [
    {
     "name": "stdout",
     "output_type": "stream",
     "text": [
      "P:\n",
      "[[ 0.  1.  0.  0.]\n",
      " [ 1.  0.  0.  0.]\n",
      " [ 0.  0.  1.  0.]\n",
      " [ 0.  0.  0.  1.]]\n",
      "L:\n",
      "[[ 1.   0.   0.   0. ]\n",
      " [ 0.3  1.   0.   0. ]\n",
      " [-0.2  1.   1.   0. ]\n",
      " [ 0.   0.  -0.   1. ]]\n",
      "U:\n",
      "[[ 3.33333333 -5.33333333  2.66666667 -0.66666667]\n",
      " [ 0.          1.6        -0.8         0.2       ]\n",
      " [ 0.          0.         -4.          3.        ]\n",
      " [ 0.          0.          0.          1.        ]]\n"
     ]
    }
   ],
   "source": [
    "P,L,U = spla.lu(K)\n",
    "print('P:')\n",
    "print(P)\n",
    "print('L:')\n",
    "print(L)\n",
    "print('U:')\n",
    "print(U)"
   ]
  },
  {
   "cell_type": "code",
   "execution_count": 154,
   "metadata": {
    "collapsed": false
   },
   "outputs": [],
   "source": [
    "# 2 Modification (Solving a sub system.)\n",
    "K = K[1:-1, 1:-1]\n",
    "if n < 10: print(K)"
   ]
  },
  {
   "cell_type": "code",
   "execution_count": 155,
   "metadata": {
    "collapsed": true
   },
   "outputs": [],
   "source": [
    "# Sub vector of right hand sides.\n",
    "rhs = np.ones(n-1)"
   ]
  },
  {
   "cell_type": "code",
   "execution_count": 146,
   "metadata": {
    "collapsed": false
   },
   "outputs": [
    {
     "ename": "ValueError",
     "evalue": "could not broadcast input array from shape (21) into shape (19)",
     "output_type": "error",
     "traceback": [
      "\u001b[0;31m----------------------------------------------------------------------\u001b[0m",
      "\u001b[0;31mValueError\u001b[0m                           Traceback (most recent call last)",
      "\u001b[0;32m<ipython-input-146-fe08db034b8d>\u001b[0m in \u001b[0;36m<module>\u001b[0;34m()\u001b[0m\n\u001b[1;32m      1\u001b[0m \u001b[0mnum_sol\u001b[0m \u001b[0;34m=\u001b[0m \u001b[0mnp\u001b[0m\u001b[0;34m.\u001b[0m\u001b[0mzeros\u001b[0m\u001b[0;34m(\u001b[0m\u001b[0mn\u001b[0m\u001b[0;34m+\u001b[0m\u001b[0;36m1\u001b[0m\u001b[0;34m)\u001b[0m\u001b[0;34m\u001b[0m\u001b[0m\n\u001b[1;32m      2\u001b[0m \u001b[0mnum_sol\u001b[0m\u001b[0;34m[\u001b[0m\u001b[0;36m0\u001b[0m\u001b[0;34m]\u001b[0m \u001b[0;34m=\u001b[0m \u001b[0;36m0\u001b[0m \u001b[0;31m# Set first element of the vector to the BC1\u001b[0m\u001b[0;34m\u001b[0m\u001b[0m\n\u001b[0;32m----> 3\u001b[0;31m \u001b[0mnum_sol\u001b[0m\u001b[0;34m[\u001b[0m\u001b[0;36m1\u001b[0m\u001b[0;34m:\u001b[0m\u001b[0;34m-\u001b[0m\u001b[0;36m1\u001b[0m\u001b[0;34m]\u001b[0m \u001b[0;34m=\u001b[0m \u001b[0mla\u001b[0m\u001b[0;34m.\u001b[0m\u001b[0msolve\u001b[0m\u001b[0;34m(\u001b[0m\u001b[0mK\u001b[0m\u001b[0;34m,\u001b[0m \u001b[0mrhs\u001b[0m\u001b[0;34m)\u001b[0m \u001b[0;31m# the rest pf the elements come from solving the sub-system.\u001b[0m\u001b[0;34m\u001b[0m\u001b[0m\n\u001b[0m\u001b[1;32m      4\u001b[0m \u001b[0mnum_sol\u001b[0m\u001b[0;34m[\u001b[0m\u001b[0;34m-\u001b[0m\u001b[0;36m1\u001b[0m\u001b[0;34m]\u001b[0m \u001b[0;34m=\u001b[0m \u001b[0;36m0\u001b[0m \u001b[0;31m# Set last element of the vector to the BC2\u001b[0m\u001b[0;34m\u001b[0m\u001b[0m\n",
      "\u001b[0;31mValueError\u001b[0m: could not broadcast input array from shape (21) into shape (19)"
     ]
    }
   ],
   "source": [
    "num_sol = np.zeros(n+1)\n",
    "num_sol[0] = 0 # Set first element of the vector to the BC1\n",
    "num_sol[1:-1] = la.solve(K, rhs) # the rest pf the elements come from solving the sub-system.\n",
    "num_sol[-1] = 0 # Set last element of the vector to the BC2"
   ]
  },
  {
   "cell_type": "code",
   "execution_count": 157,
   "metadata": {
    "collapsed": false
   },
   "outputs": [],
   "source": [
    "def true_sol(x):\n",
    "    return(.5*(x**2) - .5)\n",
    "\n",
    "xs = np.linspace(-1,1,100)"
   ]
  },
  {
   "cell_type": "code",
   "execution_count": 158,
   "metadata": {
    "collapsed": false
   },
   "outputs": [
    {
     "data": {
      "text/plain": [
       "<matplotlib.legend.Legend at 0x10ff9e710>"
      ]
     },
     "execution_count": 158,
     "metadata": {},
     "output_type": "execute_result"
    },
    {
     "data": {
      "image/png": "iVBORw0KGgoAAAANSUhEUgAAAYEAAAEACAYAAABVtcpZAAAABHNCSVQICAgIfAhkiAAAAAlwSFlz\nAAALEgAACxIB0t1+/AAAIABJREFUeJzt3Xd4VFX6wPHvOzQh0hKKJEDA0ESUojTxt4YSEESaSi8R\nXQWUVVAXZI0hoi4qojSRKh0shLKiNCGygDQBkRoMJEBCx9BBkjm/P1I2hISUmeROMu/nefJw586Z\ne94MM/fNOefec8QYg1JKKfdkszoApZRS1tEkoJRSbkyTgFJKuTFNAkop5cY0CSillBvTJKCUUm7M\nKUlARJ4UkYMiEi4iw9J4vqaIbBaRGyIy1Bl1KqWUcpw4ep+AiNiAcKAlEANsB7obYw6mKFMG8AU6\nAX8aY8Y6VKlSSimncEZLoBFw2BgTZYy5BSwCOqYsYIw5Z4z5FYhzQn1KKaWcxBlJwAc4nuLxicR9\nSimlXJwODCullBsr6IRjRAOVUzyumLgvW0REJzNSSqksMsZIdl7njJbAdqCaiPiKSGGgO7D8LuUz\nDNQYoz9O+AkODrY8hvz0o++nvp+u+uMIh1sCxph4EXkVWE1CUplhjDkgIi8nPG2mikh5YAdQHLCL\nyGtAbWPMFUfrV0oplX3O6A7CGLMSqJlq35QU26eBSs6oSymllPPowHA+5u/vb3UI+Yq+n86l76dr\ncPhmMWcTEeNqMSmllCsTEUw2B4ad0h2klHI/VapUISoqyuow3Iqvry+RkZFOPaa2BJRS2ZL416fV\nYbiV9N5zR1oCOiaglFJuTJOAUkq5MU0CSinlxjQJKKWUC7HZbBw5ciT36su1mpRSKpdUqVKF8uXL\nc/369eR9M2bMoHnz5rlS//79+2nTpg1eXl54enrSsGFDVq5cmanXimRrfDfbNAkopZwq6uhRQnr3\nJrh5c0J69ybq6NFcP4aIYLfb+fzzz+/Ynxuefvpp2rRpw+nTpzlz5gzjx4+nRIkSmXptrl9xZfXE\nR2lMhGSUUq4vre9q5JEj5g0/P3MFjAFzBcwbfn4m8siRTB/XGceoUqWK+eijj4yXl5e5ePGiMcaY\n6dOnm+bNmyfUERlpRMTEx8cnv8bf39/MmDHDGGPMrFmzTLNmzcyQIUNMqVKljJ+fn9m8ebOZNWuW\nqVSpkilfvryZPXt2mnWfO3fO2Gy25HrTMnXqVFOtWjXj5eVlOnbsaGJiYpKfExETERGR5uvSOz8m\n7s/WOVdbAkopp5kVFERIRAQeiY89gJCICGYFBeXqMQAeffRR/P39+eSTT9J8PqNWwbZt26hXrx4X\nLlygR48edO/enR07dhAREcHcuXN59dVXuXbt2h2v8/Lyolq1avTq1Ytly5Zx5syZ255ft24dI0aM\n4LvvvuPkyZNUrlyZ7t27Z+l3cyZNAkopp7FHRyefvJN4APaYmFw9RpKQkBAmTpzI+fPns/zaqlWr\n0rdvX0SEbt26ceLECYKDgylUqBABAQEULlyYP/74I83Xrl+/nqpVq/Lmm2/i7e3NE088QUREBAAL\nFizghRdeoG7duhQqVIh///vf/PLLLxw7dizLMTqDJgGllNPYfHy4mmrfVcDm7Z2rx0jy4IMP0r59\ne/79739n+bXly5dP3i5atCgAZcqUuW3flStpz4bv7e3N+PHjOXz4MFFRUXh4eNC3b18AYmJi8PX1\nTS7r4eGBl5cX0dHZXovLIZoElFJOEzhqFMF+fskn8atAsJ8fgaNG5eoxUho5ciTTpk277STr4ZHQ\n1kjZnXPq1KlsHT8jPj4+vPLKK+zduxdISBAp51y6evUq58+fp2LFijlSf0Y0CSilnMa3alUGr1nD\nmF69CG7enDG9ejF4zRp8q1bN1WOk5OfnR7du3Rg/fnzyvjJlyuDj48O8efOw2+3MnDkzubsmPSaT\nV+3ExsYycuRIIiIiMMZw7tw5Zs6cSdOmTQHo0aMHX331FXv27OHmzZuMGDGCJk2aUKmSNUuu6Cyi\nSimn8q1aleB58yw9RupB33fffZd58+bdtn/atGkMHDiQESNG8MILL9CsWbMsHTO9geXChQsTGRlJ\nQEAA586d495776V58+ZMnDgRgJYtWzJq1Ci6dOlCbGwsjz32GIsWLcrwuDlFZxFVSmWLziKa+3QW\nUaWUUk6lSUAppdyYJgGllHJjmgSUUsqNaRJQSik35pQkICJPishBEQkXkWHplBkvIodFZLeI1HNG\nvUoppRzjcBIQERswEWgDPAj0EJFaqcq0BfyMMdWBl4Ev73bM7E4/q5RS7iRpym1HOKMl0Ag4bIyJ\nMsbcAhYBHVOV6QjMATDGbAVKikh50vHm/PlMCAjQRKCUUumIOnqUCQEBvDl/vkPHcUYS8AGOp3h8\nInHf3cpEp1EmWXanjlVKqbysUqVKbNiwIVNlU0+5nV0uOTA8EvgEWLdpE2FhYdYGo5TKU4oXL06J\nEiUoUaIEBQoUoFixYsn7Fi5cmOP1Hz9+nC5dulC2bFlKly5N3bp1me/gX+uphYWFsW7jRj4B/n6v\nY8dyxtxB0UDlFI8rJu5LXaZSBmWSjSRh5sDfgaopplxVSqmMXL58OXn7/vvvz3Bt4fj4eAoUKOC0\n+nv16kWTJk1YuHAhhQoVYs+ePZw9e9Zpx4eE82IZEeKAdZ2Budk/ljNaAtuBaiLiKyKFge7A8lRl\nlgN9AUSkCRBrjDmd3gE3eEMw8H5kpI4NKKWyzfxv2dpkQUFBdO/enZ49e1KyZEnmz59Pnz59eO+9\n95LL/PTTT1RNMWtpdHQ0Xbp0oVy5cvj5+fHFF1+kW+f27dsJDAykSJEi2Gw26tWrR0BAQPLzS5Ys\noU6dOnh6etKqVSvCw8Oz9DsljQXMiYykRVWgdJZefgeHk4AxJh54FVgN7AMWGWMOiMjLIvJSYpkf\ngKMi8gcwBRh0t2MGtoLBwAPo2IBSyvmWLl1K7969uXjxIl27dk2zTNJsnsYY2rdvT+PGjTl58iRr\n1qxhzJgxrF+/Ps3XNW3alAEDBvDNN99w4sSJ2547cOAAffv2ZdKkSZw9e5aWLVvSoUMH4uPjMx17\n0lhAMeDtlvD+uky/NE1OmUraGLMSqJlq35RUj1/N7PEKlITw+8H3SPaXlVNKWUtCnDMlsgl2/kyl\njz/+OO3atQPgnnvuuWvZzZs3c/nyZYYNS7gF6v7776d///4sWrQozW6m0NBQRo8ezXvvvcfBgwep\nW7cu06dPp379+nz99dd07NiRJ554AoDhw4czfvx4tm7dymOPPZap2JOW31xSC24WhG77oGcWfvfU\nXHI9gQ9/gmEB0HIqXDfZW1ZOKWWtnDh5O0tWFnA5duwYUVFReHp6AgktA7vdnu44Q6lSpRg9ejSj\nR4/m/PnzDBkyhM6dOxMZGXnH0pIiQsWKFbO0tKTNx4eLNni7FYz7EWwOvs0umQTa7ocxj8HsB2Hf\ndT8GZ3NZOaWUSkvqhVs8PDxuW2ry5MmTyduVKlWiRo0a7Nu3L8v1eHl58cYbbzB//nwuX76Mt7f3\nbYvTG2M4ceJElpaWDBw1iufOr6bCpbO0juCO9ZizyiUvEf20Vy9qnavH0I738tLK77O9rJxSSmVG\nvXr1WLFiBbGxsZw8eZIJEyYkP9e0aVMKFy7M2LFjuXnzJvHx8ezdu5edO3emeaxhw4axf/9+7HY7\nly5d4osvvqBWrVoUL16crl27snz5cjZs2EBcXBwff/wxJUqUoFGjRpmOtYxPOfY0t1Gj4JOMTFx+\n0xEumQSC581j9pJdPFb7b/x4bpXV4Sil8qjMLtUYGBhIrVq18PX1pV27dvTo0SP5uQIFCvDDDz+w\nbds2qlSpQrly5RgwYMBtl6KmdOXKFTp27EipUqWoXr06p06dYunSpQDUrl2b2bNnM2DAAMqVK8fq\n1atZvnx58iWqmYn3sy2f0dyvOVNm/EjIunUOL+Xp0stL/n76d1rNbUX4q+GUvKekxZEppVLS5SVz\nn4jg9ZEX2/6+jftL33/b/ny5vORD5R+ibbW2fLL5E6tDUUopl9DzoZ63JQBHuXRLAODYxWPUn1Kf\n3wf+jndxvUpIKVehLYHcJyKcuXKGsh5l79if3ZaAyycBgLdWv8Wlm5eY8vSUdF6llMptmgRyX3rv\neb5PAheuX6D6uOr0OPQYXpFXsPn4EDhqlF41pJSFNAnkvpxIAi55n0Bql09dpM5miCr2PRPDEq6L\nDd6yhcFr1mgiUEq5laijR5163nPpgeEks4KCWPzjBX7zhk2VdL0BpZT7cvZ5L0+0BOzR0ZSJS5hO\nYsiTsGU6eBidU0gpK/n6+mb6OnzlHL5Fijj9vJcnWgI2Hx+uAj1/BzEw/6GELiGdU0gp60RGRiZP\n1aw/zv8Z2asXYxtCy75gBwyw7+ZNp5/38sTAcNL82SEREeypCM92hWdXVGXojz/pmIBSKl/ac3A3\nTWc9yrpZ8TQ+nTgW6ueX5lhovr86CBISwaygIOwxMYQ2OEKLZh0Y13m8BREqpVTOG7pqKKcvnKLG\nChv2mBhs3t7pXhXpFkkgpaQbyHa9vIvKJSvftaxSSuU14efDaTazGfsG7aOcR7kMy+fbaSPSU7lk\nZV5p+Apv//S21aEopZTTvbn6TYY1G5apBOCoPJkEAP7Z7J/8HPkzW05ssToUpZRymjURa9h/dj+D\nGw3OlfrybBK4t/C9fNjyQ15f+bretaiUyhfi7HEMXT2UMa3HUKRgkVypM88mAYDeD/cm3sSzcO9C\nq0NRSimHTd85nTLFytCxZsdcqzNPDgyntPHYRnou7snBVw9SrFCxHIxMKaVyTuyNWGpNrMXK3iup\nd1+9LL3W7QaGU3q88uM0rdSUMZvHWB2KUkpl2/sb3ufpGk9nOQE4Ks+3BAAiYyN5ZOoj/DbgNyqW\nyPyCzUop5QoOnz9M0xlN2TdoH+XvLZ/l11vWEhCR0iKyWkQOicgqEUlzDUgRmSEip0VkjyP1padK\nqSoMeGQAI34akROHV0qpHPXWmrd467G3spUAHOVod9BwYK0xpiawDkjvwv2vgDYO1nX3QB4fztoj\na9kWvS0nq1FKKaf66chP7Dm9h9eavGZJ/Y7OItoReCJxezYQRkJiuI0xZqOI+DpY110VL1KcD1p8\nwMBlA3l6cy1MdIwuPqOUcklJ0+DERZ9gWtPfGNn6A+4peI8lsTjaEihnjDkNYIw5BeT87W134V/y\nb5w4uJcqvy0gJCyMN+fPZ0JAAFFHj1oZllJKJUuaEPPN+fOpfOlnqp2M5fCLn1p2nsqwJSAia4CU\nHVVCwqym76RR3CmjzCNHjkze9vf3x9/fP1Ovm/NuMHM2/sXLnaHbQfCIS1h8ZkxQEMHz5jkjNKWU\ncsisoCBCIiKIKwLvNocVC6DmySNZOk+FhYURFhbmlHgyTALGmID0nksc7C1vjDktIvcBZ5wRVMok\nkBX26GjaREGjaBj9OISEJaxCpovPKKVchT06Gg9gqD+0OwwNTibuz8J5KvUfxyEhIdmOx9HuoOVA\nYOJ2P2DZXcpK4k+OSVp8ZuwqmNQIDnnp4jNKKddi8/Fh830Ji2N9tDZhn5XnKYfuExART+AboBIQ\nBXQ1xsSKSAVgmjGmfWK5BYA/4AWcBoKNMV+lc8ws3yeQJOXiM9OawNIa8Mim+/nHmrU6OKyUcglH\nIv6g2ed1eHfTTQbuuvtiMZnldusJ3E3yqHvMCaY33sPwVkG81nKIEyNUSqnsm7x9Ml/tmEnbTTUg\n5uRdF4vJLE0C6dh6Yiudvu7E/kH7KV20tFOOqZRS2XXqyikemvwQ6/utp065Ok47riaBuxi0YhDG\nGCa3n+y0YyqlVHb0Cu1FpRKVGN1qtFOP69YTyGXkw5YfsuzQMl18RillqbVH1rLp2CaC/hZkdSi3\nyfdJoNQ9pRjTegwDvh9AnD3O6nCUUm7oRtwNBq0YxMR2E/Eo7GF1OLfJ90kAoEedHpT1KMuErROs\nDkUp5YY+2vgRdcrVoX2N9laHcod8PyaQJGmq1l0v76JSyUpOP75SSqUl/Hw4j814LEfPPTomkAnV\nvaozuNFgXltpzUx9Sin3Y4xh0IpBjPi/ES77x6fbJAGAYY8PY++Zvfzn0H+sDkUp5QYW7l3IuWvn\n+Efjf1gdSrrcKgncU/AevnjqCwb/OJirf121OhylVD725/U/eWP1G0xpP4WCNkdn7c85bjMmkFJO\nXaurlFJJcvMeJb1ZLItOXTnFw5MfZl2/dU69a08ppSD3ZyvQgeEsuu/e+3iv+XsMXDEQu7FbHY5S\nKh+Js8cxYMUAxgSMyRPT1bhlEgB46ZGXuBV/i692pTmZqVJKZcuErRPwLOpJz4d6Wh1Kprhld1CS\n3ad202ZeG/YO3EtZj7K5UqdSKv86fvE49afUZ1P/TdQsUzPX6tUxAQcMXTWUP2/8yVcdtUWglHLM\nM988Q52ydQhpnv2VvrJDxwQcEOIfwtoja/k58merQ1FK5WHfh3/PntN7ePv/3rY6lCxx3YtXc0nx\nIsUZ9+Q4Xlz6It13PIot+hQ2Hx+HF3lQSuV/SYtY3Tx5jMlNdzKh7RfcU/Aeq8PKErdvCQA0KFIP\n+74YCkYtIiQsjDfnz2dCQABRR49aHZpSykUlLWf75vz5GPkvAQevsrvfe3nuvKFJAJj97rv857tr\nTHgsYXF6DyAkIoJZQa4177dSynXMCgoiJCKCw/fB9AYwflXePG9oEgDs0dHUjoWQ9dC3M8TZEhKB\nPSbG6tCUUi7KHh1NgYLQuwt8uhruu5I3zxuaBACbjw9XgUHbodQN+PD/4Cpg8/a2OjSllIuy+fgw\nrAXUPAd9fkvYlxfPG25/iSj8r28vJCKC2OJQ/2VovcGHDxb9VweHlVJpWvTLQv6+tA97J8bjey0h\nAQT7+TF4zZpcP2/ofQJOkDTKb4+JYX+Nv9hZ8yS/v/o7xQoVy/VYlFKu7eKNi9T9si7BjwRxbMp6\n7DEx2Ly9Lbuq0LIkICKlga8BXyAS6GqMuZiqTEVgDlAesAPTjDHj73JMS5JAaj0X96RMsTKMb5tu\nqEopNxW4NJAiBYow5ekpVocCWHuz2HBgrTGmJrAOSOsuiThgqDHmQaAp8IqI1HKw3hw3qd0klhxc\nwpqINVaHopRyIaEHQtl4bCOftvnU6lCcwtEk0BGYnbg9G+iUuoAx5pQxZnfi9hXgAODjYL05rnTR\n0szsMJP+y/vz5/U/rQ5HKeUCTl05xaAVg5jbeS73Fr7X6nCcwtHuoAvGGM/0HqdRvgoQBtRJTAhp\nlXGJ7qAk//jxH5y7do4FzyywOhSllIWMMTy98Gnqlq/LBy0/sDqc2zjSHZThtBEisoaE/vzkXYAB\n3kmjeLpnbxG5F/gOeC29BJBk5MiRydv+/v74+/tnFGaOGd1qNA2mNODrvV/TrU43y+JQSllr+s7p\nxFyOIbRbqNWhEBYWRlhYmFOO5WhL4ADgb4w5LSL3AeuNMQ+kUa4g8D3wozFmXAbHdKmWAMD26O20\nX9ienS/txKeEy/dkKaWcLOJCBE1mNOHnwJ+pXba21eHcwcqB4eVAYOJ2P2BZOuVmAvszSgCuqqFP\nQ15p+Ar9l/fH1RKUUipnxdvj6bu0LyMeH+GSCcBRjiaBj4AAETkEtARGA4hIBRH5PnG7GdALaCEi\nu0Rkp4g86WC9uW7E/40g9kYsX2z/wupQlFK56ONNH1OkQBFea/Ka1aHkCL1ZLAvCz4fTbGYzNj6/\nMVdXDVJKWWP3qd0EzA3g15d+pXLJylaHky5dVCaX1PCqwcgnRtJnSR9uxd+yOhylVA66EXeD3qG9\nGdt6rEsnAEdpEsiiQQ0H4VnUkw//+6HVoSilctC/fvoXtcrUovfDva0OJUdpd1A2xFyOof6U+nzf\n43sa+jS0OhyllJOFRYbRK7QXvw34jTLFylgdToa0OyiXeRf3ZvyT4+mzpA/Xbl2zOhyllBNdvHGR\nwKWBTH96ep5IAI7SloADei7uiVdRLya0m2B1KEopJ+m3tB9FCxbly/ZfWh1KpmlLwCKT2k1i2aFl\nOsmcUvlE6IFQNh3bxJjWY6wOJddoEnBA6aKlmdlRJ5lTKj/Ij5PDZYZ2BzmBTjKnVN6WNDlcvfvq\n8X6L960OJ8t0ZTGLXbt1jQZTGvBK7UFcmLkNe3Q0Nh8fy1YZUkplLHk1wehodj5wjaMPXGXnoJ0U\nLlDY6tCyLEdnEVUZK1aoGJ80/ohuoV34bbmd6pcT1xvdssWS9UaVUneXcl3xU6VhUkN4elYlTraP\ndrvvq44JOMnOcd8y9Bc7r3QCu4AHEBIRwaygIKtDU0qlMisoiJCICIrYoG9neOe/MHHncbf8vmoS\ncBJ7dDQj/wtXC8H7f0vY5wHYY2IsjUspdSd7dDQewPBW4HEL/rHVfb+vmgScxObjw007fPcNTGsA\ny2omdAnZvL2tDk0plYrNx4cZD8OSWrDwO7AZ9/2+6sCwk6TsY9znA+16QvufKhHy3c9u18eolKv7\nz/ZldAvtQthMO43OJI7h+fnl2TE8vTrIRSRfbRATw56aN9hdPYZfB+7Es2i6yy4rpXLZqSunaDSt\nEf+q/zanpm/CHhODzds7T1/Np0nARQ1dNZR9Z/exoucKCtr0QiylrPZX/F+0mN2CVve3YqT/SKvD\ncRpNAi4qzh5H2/ltqVe+Hp+0/sTqcJRya8YYXv7+Zc5eO8virouxSf4ZEtW5g1xUQVtBFj2ziNCD\noczbM8/qcJRya1/u+JLNxzczp9OcfJUAHKUtgVyw98xems9uzo+9fuRR70etDkcpt7MhagPPffsc\nm/pvoppnNavDcTptCbi4OuXqMKX9FLp83YVTV05ZHY5SbiUqNopu33Vjbue5+TIBOEqTQC7p8kAX\n+tfvz7PfPMtf8X9ZHY5SbuHarWt0/rozbz32Fq39WlsdjkvS7qBcZDd2nvnmGcoWK8uU9lMQyVbr\nTSmVCcYYeob2pKCtIHM6zcnX3zftDsojbGJjTqc5bD6+mS935J1Vi5TKiz7e9DF/XPiDqe2n5usE\n4CiHkoCIlBaR1SJySERWiUjJNMoUEZGtIrJLRH4XkWBH6szrihcpztLuSxn580g2RG2wOhyl8qUf\nDv/AuK3jWNJtCUULFbU6HJfmaEtgOLDWGFMTWAe8nbqAMeYm0NwYUx+oB7QVkUYO1punVfOsxtzO\nc+n2XTeiYqOsDkepfOXQuUMELg3k2+e+pWKJilaH4/IcTQIdgdmJ27OBTmkVMsZcS9wsQsIaBvmz\n0z8LWvu15q3H3qLz1525dutaxi9QSmXo4o2LdFzUkQ9afECzys2sDidPcGhgWEQuGGM803ucYr8N\n+BXwAyYZY+5oMaQom28HhlMzxtB3aV/i7HEs6LJA+y2VckC8PZ6OizriW9KXSU9NsjqcXJWjK4uJ\nyBqgfMpdJPwl/04axdM8extj7EB9ESkBLBWR2saY/enVOXLkyORtf39//P39MwozTxIRprafyt9m\n/Y2PN33MsMeHWR2SUnnWu+vf5fJfl/n8yc+tDiXHhYWFERYW5pRjOdoSOAD4G2NOi8h9wHpjzAMZ\nvCYIuGqMGZvO827TEkhy4tIJGk1rxPQO02lXvZ3V4SiV53yz7xv+ueafbP/7dsp6lLU6nFxn5SWi\ny4HAxO1+wLLUBUSkTNJVQyJSFAgADjpYb75SsURFvn3uWwKXBnLo3CGrw1EqT9l9ajev/PAKS7ot\nccsE4ChHk8BHQICIHAJaAqMBRKSCiHyfWKYCsF5EdgNbgVXGmB8crDffaVa5GR+0+ICOizpy8cZF\nq8NRKk84e/Usnb/uzMS2E6lfob7V4eRJesewi3llxStEXYxiWfdlFLAVsDocpVzWrfhbtJ7XmiY+\nTfh3q39bHY6l9I7hfOTzJz/n8l+XeXf9u1aHopRLG7pqKMUKFeP9Fu9bHUqepstduZhCBQrx3XPf\n0XBaQ7xtFTg3Ywv26GhsPj55evk7pRyVvHxrdDS7H7jO3upn2Dlwl7aYHaRJwAWV9SjLpMcn8tzi\njvz0k52mpxIXwt6yJc8uhK2UI6KOHmVCQAAhERH8Vgm+aAjt51YittMFSla9Y7YalQXaHeSidny+\niMn/sdOzG0QXBw8gJCKCWUFBVoemVK6bFRRESEQEp0vDc8/BrKUwcddx/T44gSYBF2WPjqbfPhi4\nA/wD4USJhERgj4mxOjSlcp09OppTpaF5P3hnAzx1WL8PzqLdQS7K5uPDVeCfm0BMQiJYMQts3t4W\nR6ZU7vuzSgn868O//gsDdiTsu4p+H5xBWwIuKnDUKIL9/LgKvLUZXtgOjf9ekIBhA6wOTalcdfj8\nYRbX3s4DB8rSJ0UCCPbzI3DUKEtjyw/0PgEXlnw1REwMNm9v4npUYf4fC1jfbz2+pXytDk+pHBd+\nPpyWc1oS/EQwAaVb3vZ90Kvl/seR+wQ0CeQx47aM4/Otn7O+33qqlKpidThK5ZhD5w7Rck5L3mv+\nHv3r97c6HJeWo7OIKtfyWpPXsImN5rObs67vOqqW1r+EVP5z8NxBWs5pyfvN3+f5+s9bHU6+pkkg\nDxrcePD/EkG/ddxf+n6rQ1LKaQ6cPUCrua34sMWH9KvXz+pw8j1NAnnUK41eQUSSWwR+nn5Wh6SU\nw/af3U+rOa34qNVH9Knbx+pw3IImgTxsUMNBt7UIqnlWszokpbJt75m9tJ7bmo8DPqb3w72tDsdt\naBLI4wY8OgCb2GgxuwU/9f2J6l7VrQ5JqSz7/fTvtJ7Xmk9bf0rPh3paHY5b0SSQD7z0yEsJiWBO\nQiKo4VXD6pCUyrQ9p/fQZl4bPmvzGd3rdLc6HLejSSCfeLHBi7e1CGqWqWl1SEpl6LdTv9FmXhvG\nPTmObnW6WR2OW9IkkI/0r98fQZJbBLXK1LI6JKXStfvUbp6c9yQT2k7guQefszoct6VJIJ95vv7z\n2MRGyzktWdtnLQ+UfcDqkJS6w86TO2k3vx2T2k3imdrPWB2OW9MkkA/1q9fvf4mg71pql61tdUhK\nJfs15lfaLWjH5Kcm0+WBLlaH4/Y0CeRTfer2wSY2Ws1pxeo+q6lTro7VISnFjpgdPLXgKaa0n0Kn\nWp2sDkcCT1vUAAAPw0lEQVShSSBf6/VwL2xiI2BuAKt7r+ah8g9ZHZJyY9ujt9N+YXumPT2NDjU7\nWB2OSqRJIJ/r8VAPbGKj9bzWrOq9iofLP2x1SMoNbT2xlQ6LOjCjwwza12hvdTgqBU0CbqBbnW6I\nCG3mtWFlr5XUva+u1SEpN7LlxBY6LOzAVx2/4qkaT1kdjkrFoSQgIqWBrwFfIBLoaoy5mE5ZG7AD\nOGGM0bZgLuv6YFdsYqPNvDbMbD6D7Z8txB4djc3HR+dlV06VvA5GdDTRfoVZWv1X5naZS9vqba0O\nTaXB0ZbAcGCtMeZjERkGvJ24Ly2vAfuBEg7WqbLp2drPcu7MGZ77tiOr18XT7GTiCk1btjB4zRpN\nBMphUUePMiEggJCICHZXgk4N4YkVFajdVe9ZcVWOLi/ZEZiduD0bSHO4X0QqAu2A6Q7Wpxx0evpm\npi+Lp0sv2FIxYbHukIgIZgUFWR2aygdmBQUREhHBtirQuTvMD4U5/z2pny8X5mhLoJwx5jSAMeaU\niJRLp9xnwFtASQfrUw6yR0fT4yCUiIcOPeCtTfDGL2CPibE6NJUPxMUcZ8wTMLkhLPoOWhxN2K+f\nL9eVYRIQkTVA+ZS7AAO8k0bxO9aFFJGngNPGmN0i4p/4+rsaOXJk8ra/vz/+/v4ZvURlks3Hh6vA\nU4dh+1To+Qys9IP6Utrq0FQed+ziMeY0OsD9J2HnFPC+nLD/KmDz9rY0tvwmLCyMsLAwpxzLoTWG\nReQA4G+MOS0i9wHrjTEPpCrzIdAbiAOKAsWBUGNM33SOqWsM56CUfbYewEUbPNmpNBGNCzK782wd\nvFPZEnoglIErBhJYox9xQxfzXsQRPEgcc/Lz0zGnHGbZQvMi8hFwwRjzUeLAcGljTHoDw4jIE8Ab\nd7s6SJNAzku+eiMmBpu3N4GjRnFUouizpA9da3flw5YfUqRgEavDVHnA9VvXGbpqKKsiVrHgmQU0\nqdgkzc+XJoCcZWUS8AS+ASoBUSRcIhorIhWAacaY9qnKaxJwYeevneeF5S9w/NJxFj6zUNclUHe1\n98xeun/XnYfLP8zkpyZT8h4d8rOKZUkgJ2gSsJYxhsk7JhMcFsyYgDH0rdsXkWx9tlQ+ZYzhyx1f\n8m7Yu3wS8An96vbTz4jFNAkop/v99O90X9ydevfVY/JTkylRRG/vUHDh+gVeWP4CUbFRLHxmoS5e\n5CIcSQKO3ieg8qmHyj/E9r9vp3jh4tSfUp9t0dusDklZbEPUBup9WY+qparyywu/aALIJ7QloDK0\neP9iBq4YyBtN3+CtZm9hE/3bwZ3E2eMY9fMopu6cyowOM2hXvZ3VIalUtDtI5bhjF4/RK7QX9xS8\nhzmd5lCheAWrQ1K5ICo2il6hvShaqKj+v7sw7Q5SOa5yycqs77eeZpWa0WBqA344/IPVIakctnj/\nYhpOa0iHmh1Y1XuVJoB8SlsCKss2RG2gd2hvnnngGUa3Gq33FOQz125dY8jKIaw9upaFzyykkU8j\nq0NSGdCWgMpVf/P9G7sH7CbqYhRNZjTh0LlDVoeknGTP6T08OvVRrty6wq6Xd2kCcAOaBFS2eBb1\nZHHXxbz8yMs8/tXjfLXrK7QFl3cZY5i0bRIt57Rk+OPDmdd5nl4W7Ca0O0g5TO8czdv0TvG8T68O\nUpa7fus6b6x+g5V/rOTTpmPYMz5UVy5zUSlX/oqqVpDVNfbRs25PPmz5IYULFLY6PJUNmgSUy5jy\n85cM/fFV/rkpnqBNcN3oLJKuJGkW2aCjEYx5AqY1gGbbKjB29ib9/8nDdGBYuYxT0zayc3I8P1WH\nx/vDuhoQfERXLnMVM4L+Rb0iEbR8EbZWhN1TdOUvd+foymJK3cYeHU3NS7B+FnxdB0L84Y02UO3C\nNq7+dRWPwh5Wh+iWLt28xIydM5hQcQm1i8DwjdDlANgSG9268pf70paAcqqklcsKGOj5e8LqZROX\nwdEKN/D93Jfha4dz4tIJq8N0G5GxkQxdNZSq46qyNXorz559gtUz4dn9/0sAuvKXe9MkoJwqcNQo\ngv38uJr4+BqwupAfKwf9zNYXt3L91nUenvwwvUJ7sSNmh5Wh5mu/HP+F5759jkemPkIBKcCul3ex\n6NlFvPPO5Nv+f5JW/gocNcrKcJWFdGBYOV1GK0vF3ohl+s7pjN86niqlqjCkyRA61OxAAVsBC6PO\n++LscSzev5jPtnzG2Wtnea3xazxf73mKFyl+Wzld+Sv/0auDVJ50K/4WoQdCGbtlLOeuneP1xq/z\nfP3nubfwvVaHlqckJdUJ2ybgW9JXk6ob0iSg8jRjDL+c+IXPtnzG+qPreb7e8wxuPJjKJStbHZpL\nO/LnEcZtGcfcPXNpW70tQ5oM4VHvR60OS1lAk4DKN47+eZQJ2yYwa/csWvu1ZmjToTp/TQrGGDYd\n38TYX8ayIWoDLzZ4kVcbvUrFEhWtDk1ZSJOAyneSLmkct3UcPiV8GNpkKJ1qdXLbLo5b8bf4bv93\njN0yltgbsbze+HX61eunXWcK0CSg8rE4exxLDy5l7C9jOXnlJK81fo3+9ftTokiJ26Y/yA/TU6T1\n+5S4rxTTdk5jwrYJVPOsxpAmQ2hfo72u7qZuo0lAuYUtJ7bw2ZbPWHtkLV2qdob31/D5nmN48L9L\nHfPq9BRJ0zmERETgAezxhH6tS3D0YaFDrQ683uR1GlRoYHWYykVpElBu5djFY/QIfpKDRQ7Q4ii0\niYAa56HiOZjTqScj5823OsQsMcbwVuCztNwQynEv+KE6bKoEgb+CvWJnPp0danWIysU5kgQcmjZC\nREoDXwO+QCTQ1RhzMY1ykcBFwA7cMsboSJ/KtsolK9Pqt/Ks3HyAuXVhY2WYWR/CveBK4a9ZMS2c\nGl41qOFZgxpeNahZpibVPavfcb18brt44yKHLxzm0LlDhJ8PJ/xCeMK/58OxV7zJlhYJyeypcFiw\nGIrdguDmsZbGrPI/R+cOGg6sNcZ8LCLDgLcT96VmB/yNMX86WJ9SQML0FLa/YND2hB9I6BJ6r09n\nOr/8RvLJNfRgKOHnwzl8/jCl7imVkBxS/NT0qknV0lXvOoVyVsYebsbd5MifRwg/H86h84eS4wg/\nH86Vv65Q3at6cr1PVX+KIU2GUN2zOuP/Ppg3588n5cxKOp2Dyg0OdQeJyEHgCWPMaRG5DwgzxtRK\no9xR4FFjzPlMHFO7g1SGUvehZzQmYDd2oi9FJ5+QU56gT1w6QaWSle5oPdTwqsGtczeZ1LrNbfW8\n63c/zyyZzTWPGwnHOnco+a/66EvRVC5ZOflEnzLheBf3RiTtFntWfx+lUrJsTEBELhhjPNN7nGL/\nESAWiAemGmOm3eWYmgRUpjhr+oO/4v9K/us99Un9/KWz1DoTT63zYJeELqc/PKGgFOWRao3vONFX\nLVWVQgUKWfr7KPeTo0lARNYA5VPuAgzwDjArVRI4b4zxSuMYFYwxJ0WkLLAGeNUYszGd+kxwcHDy\nY39/f/z9/TP/GynlRMNb/R/P7d/IoTIJs27WPAfVL8AnzZoTsm6d1eEpNxUWFkZYWFjy45CQEMta\nAgdI6OtP6g5ab4x5IIPXBAOXjTFj03leWwLKZYT07p1mX/2YXr0InjfPqrCUuo2VK4stBwITt/sB\ny1IXEJFiInJv4rYH0BrY62C9SuWK1FNj69TLKr9xtCXgCXwDVAKiSLhENFZEKgDTjDHtRaQqsISE\nLqSCwHxjzOi7HFNbAsqlaF+9cnV6s5hSSrkxXWheKaVUtmgSUEopN6ZJQCml3JgmAaWUcmOaBJRS\nyo1pElBKKTemSUAppdyYJgGllHJjmgSUUsqNaRJQSik3pklAKaXcmCYBpZRyY5oElFLKjWkSUEop\nN6ZJQCml3JgmAaWUcmOaBJRSyo1pElBKKTemSUAppdyYJgGllHJjmgSUUsqNaRJQSik35lASEJHS\nIrJaRA6JyCoRKZlOuZIi8q2IHBCRfSLS2JF6lVJKOYejLYHhwFpjTE1gHfB2OuXGAT8YYx4A6gIH\nHKxXZUJYWJjVIeQr+n46l76frsHRJNARmJ24PRvolLqAiJQA/s8Y8xWAMSbOGHPJwXpVJuiXzLn0\n/XQufT9dg6NJoJwx5jSAMeYUUC6NMlWBcyLylYjsFJGpIlLUwXqVUko5QYZJQETWiMieFD+/J/7b\nIY3iJo19BYEGwCRjTAPgGgndSEoppSwmxqR13s7ki0UOAP7GmNMich+wPrHfP2WZ8sAvxpj7Ex8/\nDgwzxjydzjGzH5BSSrkpY4xk53UFHax3ORAIfAT0A5alLpCYII6LSA1jTDjQEtif3gGz+4sopZTK\nOkdbAp7AN0AlIAroaoyJFZEKwDRjTPvEcnWB6UAh4AjwvDHmoqPBK6WUcoxDSUAppVTeZukdwyLy\nrIjsFZF4EWlwl3JPishBEQkXkWG5GWNekoWb9yJF5DcR2SUi23I7TleXmc+biIwXkcMisltE6uV2\njHlFRu+liDwhIrGJVw7uFJF3rIgzrxCRGSJyWkT23KVMlj6bVk8b8TvQGfg5vQIiYgMmAm2AB4Ee\nIlIrd8LLczJ7856dhAH9+saYRrkWXR6Qmc+biLQF/Iwx1YGXgS9zPdA8IAvf3Q3GmAaJP+/napB5\nz1ckvJ9pys5n09IkYIw5ZIw5DNxtMLgRcNgYE2WMuQUsIuEmNXWnDG/eSyRY/weAq8rM560jMAfA\nGLMVKJl4FZy6XWa/u3oxSCYZYzYCf96lSJY/m3nhROADHE/x+ETiPnWnzNy8Bwn3c6wRke0i8vdc\niy5vyMznLXWZ6DTKqMx/d5smdl2sEJHauRNavpXlz6ajl4hmSETWACkzkZBwEvqXMeY/OV1/fnOX\n9zOtvtT0Rv2bGWNOikhZEpLBgcS/MJTKbb8ClY0x1xK7MpYCNSyOya3keBIwxgQ4eIhooHKKxxUT\n97mlu72fiQNG5VPcvHcmnWOcTPz3rIgsIaHZrkkgQWY+b9EkXBZ9tzIqE++lMeZKiu0fReQLEfE0\nxlzIpRjzmyx/Nl2pOyi9fsHtQDUR8RWRwkB3Em5SU3dKunkP0rl5T0SKici9idseQGtgb24FmAdk\n5vO2HOgLICJNgNikbjh1mwzfy5T91SLSiITL1jUB3J2Q/vkyy5/NHG8J3I2IdAImAGWA70VktzGm\nbcqbzYwx8SLyKrCahKQ1wxijU1Gn7SPgGxHpT+LNewCpbt4rDyxJnJ6jIDDfGLPaqoBdTXqfNxF5\nOeFpM9UY84OItBORP4CrwPNWxuyqMvNeAs+KyEDgFnAd6GZdxK5PRBYA/oCXiBwDgoHCOPDZ1JvF\nlFLKjblSd5BSSqlcpklAKaXcmCYBpZRyY5oElFLKjWkSUEopN6ZJQCml3JgmAaWUcmOaBJRSyo39\nPwD8nPs7KeDyAAAAAElFTkSuQmCC\n",
      "text/plain": [
       "<matplotlib.figure.Figure at 0x10f547630>"
      ]
     },
     "metadata": {},
     "output_type": "display_data"
    }
   ],
   "source": [
    "pt.plot(mesh, num_sol, 'ro', label = 'Num Sol')\n",
    "pt.plot(mesh, true_sol(mesh), 'g-', label = 'True Sol')\n",
    "pt.legend()"
   ]
  },
  {
   "cell_type": "markdown",
   "metadata": {},
   "source": [
    "Now that we have a method for computing a second order BVP with Spectral Diff matrices,\n",
    "we want to solve a more general problem using fixed point iteration over this method.\n",
    "\n",
    "The problem is as follows:"
   ]
  },
  {
   "cell_type": "markdown",
   "metadata": {},
   "source": [
    "$ \\ddot{u}(x) = e^{u(x)}; \\\\\n",
    "\\text with \\space Boundary \\space Conditions: \\space u(-1) = 0, \\space u(1) = 0 $"
   ]
  },
  {
   "cell_type": "code",
   "execution_count": 147,
   "metadata": {
    "collapsed": true
   },
   "outputs": [],
   "source": [
    "n = 21"
   ]
  },
  {
   "cell_type": "code",
   "execution_count": 148,
   "metadata": {
    "collapsed": true
   },
   "outputs": [],
   "source": [
    "def f(x):\n",
    "    return np.exp(x)"
   ]
  },
  {
   "cell_type": "code",
   "execution_count": 149,
   "metadata": {
    "collapsed": false
   },
   "outputs": [],
   "source": [
    "mesh = GCLmesh(n)\n",
    "D = chebyDiffMatrix(n, mesh)\n",
    "K = D.dot(D)\n",
    "if n < 10: print(K)"
   ]
  },
  {
   "cell_type": "code",
   "execution_count": 150,
   "metadata": {
    "collapsed": false
   },
   "outputs": [],
   "source": [
    "# Select interior points matrix\n",
    "K = K[1:-1, 1:-1]\n",
    "if n < 10: print(K)"
   ]
  },
  {
   "cell_type": "code",
   "execution_count": 151,
   "metadata": {
    "collapsed": false
   },
   "outputs": [
    {
     "name": "stdout",
     "output_type": "stream",
     "text": [
      "[ 0.  0.  0.  0.  0.  0.  0.  0.  0.  0.  0.  0.  0.  0.  0.  0.  0.  0.\n",
      "  0.]\n"
     ]
    }
   ],
   "source": [
    "u = np.zeros(n+1)\n",
    "if n < 10: print(u)\n",
    "uk = u[1:-1]"
   ]
  },
  {
   "cell_type": "code",
   "execution_count": 152,
   "metadata": {
    "collapsed": false
   },
   "outputs": [],
   "source": [
    "while(True):\n",
    "    rhs = f(uk)\n",
    "\n",
    "    new_u = la.solve(K,rhs)\n",
    "    #print ('new_u:')\n",
    "    #print(new_u)\n",
    "    #print ('difference with previous:')\n",
    "    #print((new_u - uk))\n",
    "    if(la.norm(new_u - uk) <= 1e-10):\n",
    "        u[1:-1] = new_u\n",
    "        break\n",
    "        #print('Found a solution')\n",
    "        #print(u)\n",
    "    else:\n",
    "        uk = new_u"
   ]
  },
  {
   "cell_type": "code",
   "execution_count": 153,
   "metadata": {
    "collapsed": false
   },
   "outputs": [
    {
     "data": {
      "text/plain": [
       "<matplotlib.legend.Legend at 0x10f4b46d8>"
      ]
     },
     "execution_count": 153,
     "metadata": {},
     "output_type": "execute_result"
    },
    {
     "data": {
